"export-plots data (NetLogo 6.3.0)"
"FEWCalc_Export_Test.nlogo"
"07/02/2024 14:35:31:979 -0500"

"MODEL SETTINGS"
"interest","energy_value","capacity_s","climate_model","corn_area","cost_s","degrade_s","nyear_w","#wind_turbines","loan_term","simulation_period","future_process","aquifer_thickness","ptc_w","soybeans_area","sun_hrs","capacity_w","min_aq_thickness","wheat_area","nyear_s","#panel_sets","cost_w","sg_area","wind_factor","degrade_w","itc_s","ptc_s"
"3","45","250","""RCP4.5""","500","1100","1","30","4","1","90","""Wetter Future""","200","0.03","0","8","2","30","125","25","8","1350","125","42","1","30","0.03"

"""Ag Net Income"""
"x min","x max","y min","y max","autoplot?","current pen","legend open?","number of pens"
"0","96.3","-86000","221000","true","""Corn""","true","5"

"pen name","pen down?","mode","interval","color","x"
"""Corn""","true","0","1","42.5","89"
"""Wheat""","true","0","1","24","89"
"""Soybeans""","true","0","1","53","89"
"""SG""","true","0","1","32","89"
"""US$0""","true","2","1","13","89"

"""Corn""",,,,"""Wheat""",,,,"""Soybeans""",,,,"""SG""",,,,"""US$0"""
"x","y","color","pen down?","x","y","color","pen down?","x","y","color","pen down?","x","y","color","pen down?","x","y","color","pen down?"
"0","0","42.5","true","0","0","24","true","0","0","53","true","0","0","32","true","0","0","13","true"
"1","8070.000000000116","42.5","true","1","-1797.5","24","true","1","0","53","true","1","-21051.249999999985","32","true","1","0","13","true"
"2","-22025","42.5","true","2","-26682.5","24","true","2","0","53","true","2","-18033.749999999985","32","true","2","0","13","true"
"3","116729.99999999994","42.5","true","3","-23668.75","24","true","3","0","53","true","3","-14208.749999999985","32","true","3","0","13","true"
"4","59039.99999999994","42.5","true","4","-8840","24","true","4","0","53","true","4","-16843.749999999985","32","true","4","0","13","true"
"5","198239.99999999994","42.5","true","5","-2786.2499999999927","24","true","5","0","53","true","5","12041.250000000015","32","true","5","0","13","true"
"6","67104.99999999994","42.5","true","6","-6558.75","24","true","6","0","53","true","6","-1401.2499999999854","32","true","6","0","13","true"
"7","-1890.0000000001164","42.5","true","7","-8653.749999999993","24","true","7","0","53","true","7","-7561.249999999985","32","true","7","0","13","true"
"8","-824.9999999999418","42.5","true","8","-24157.5","24","true","8","0","53","true","8","-17448.749999999985","32","true","8","0","13","true"
"9","-57909.99999999994","42.5","true","9","-40995","24","true","9","0","53","true","9","-30751.249999999985","32","true","9","0","13","true"
"10","-64990","42.5","true","10","-30947.5","24","true","10","0","53","true","10","-15498.749999999978","32","true","10","0","13","true"
"11","-824.9999999999418","42.5","true","11","-3532.5","24","true","11","0","53","true","11","-3581.2499999999927","32","true","11","0","13","true"
"12","-824.9999999999418","42.5","true","12","-2688.75","24","true","12","0","53","true","12","40601.250000000015","32","true","12","0","13","true"
"13","-824.9999999999418","42.5","true","13","-20407.5","24","true","13","0","53","true","13","13511.250000000015","32","true","13","0","13","true"
"14","-57909.99999999994","42.5","true","14","-33491.24999999999","24","true","14","0","53","true","14","-23688.749999999985","32","true","14","0","13","true"
"15","-824.9999999999418","42.5","true","15","1530","24","true","15","0","53","true","15","-17448.749999999985","32","true","15","0","13","true"
"16","-64990","42.5","true","16","-12447.5","24","true","16","0","53","true","16","32573.75000000003","32","true","16","0","13","true"
"17","-824.9999999999418","42.5","true","17","-30438.75","24","true","17","0","53","true","17","-356.25","32","true","17","0","13","true"
"18","-1890.0000000001164","42.5","true","18","-28403.749999999993","24","true","18","0","53","true","18","33881.250000000015","32","true","18","0","13","true"
"19","8070.000000000116","42.5","true","19","-37795","24","true","19","0","53","true","19","-21051.249999999985","32","true","19","0","13","true"
"20","8070.000000000116","42.5","true","20","3400","24","true","20","0","53","true","20","-8556.249999999985","32","true","20","0","13","true"
"21","-64990","42.5","true","21","-38995","24","true","21","0","53","true","21","16661.250000000015","32","true","21","0","13","true"
"22","-824.9999999999418","42.5","true","22","-38595","24","true","22","0","53","true","22","-17448.749999999985","32","true","22","0","13","true"
"23","-824.9999999999418","42.5","true","23","-30438.75","24","true","23","0","53","true","23","-17448.749999999985","32","true","23","0","13","true"
"24","8070.000000000116","42.5","true","24","-37795","24","true","24","0","53","true","24","32201.250000000015","32","true","24","0","13","true"
"25","8070.000000000116","42.5","true","25","3400","24","true","25","0","53","true","25","-21051.249999999985","32","true","25","0","13","true"
"26","-824.9999999999418","42.5","true","26","-20407.5","24","true","26","0","53","true","26","-18416.249999999985","32","true","26","0","13","true"
"27","-57909.99999999994","42.5","true","27","-27281.25","24","true","27","0","53","true","27","16850.000000000015","32","true","27","0","13","true"
"28","-824.9999999999418","42.5","true","28","-24157.5","24","true","28","0","53","true","28","-25511.249999999985","32","true","28","0","13","true"
"29","-824.9999999999418","42.5","true","29","-30438.75","24","true","29","0","53","true","29","-3581.2499999999927","32","true","29","0","13","true"
"30","-1890.0000000001164","42.5","true","30","-62.5","24","true","30","0","53","true","30","-20568.749999999978","32","true","30","0","13","true"
"31","8070.000000000116","42.5","true","31","-1797.5","24","true","31","0","53","true","31","-28786.249999999978","32","true","31","0","13","true"
"32","-824.9999999999418","42.5","true","32","-24157.5","24","true","32","0","53","true","32","-17448.749999999985","32","true","32","0","13","true"
"33","-824.9999999999418","42.5","true","33","-30438.75","24","true","33","0","53","true","33","-3581.2499999999927","32","true","33","0","13","true"
"34","-824.9999999999418","42.5","true","34","-11688.75","24","true","34","0","53","true","34","-356.25","32","true","34","0","13","true"
"35","-57909.99999999994","42.5","true","35","-16241.249999999993","24","true","35","0","53","true","35","-23688.749999999985","32","true","35","0","13","true"
"36","8070.000000000116","42.5","true","36","3400","24","true","36","0","53","true","36","7211.250000000015","32","true","36","0","13","true"
"37","-1890.0000000001164","42.5","true","37","-62.5","24","true","37","0","53","true","37","33881.250000000015","32","true","37","0","13","true"
"38","-64990","42.5","true","38","-12447.5","24","true","38","0","53","true","38","-15498.749999999978","32","true","38","0","13","true"
"39","-824.9999999999418","42.5","true","39","-30438.75","24","true","39","0","53","true","39","13511.250000000015","32","true","39","0","13","true"
"40","-824.9999999999418","42.5","true","40","-23688.75","24","true","40","0","53","true","40","-18416.249999999985","32","true","40","0","13","true"
"41","-64990","42.5","true","41","595","24","true","41","0","53","true","41","16661.250000000015","32","true","41","0","13","true"
"42","8070.000000000116","42.5","true","42","-22491.25","24","true","42","0","53","true","42","7211.250000000015","32","true","42","0","13","true"
"43","8070.000000000116","42.5","true","43","3400","24","true","43","0","53","true","43","7211.250000000015","32","true","43","0","13","true"
"44","-824.9999999999418","42.5","true","44","1530","24","true","44","0","53","true","44","13511.250000000015","32","true","44","0","13","true"
"45","-1890.0000000001164","42.5","true","45","-36995","24","true","45","0","53","true","45","33881.250000000015","32","true","45","0","13","true"
"46","-57909.99999999994","42.5","true","46","-27281.25","24","true","46","0","53","true","46","-23406.249999999985","32","true","46","0","13","true"
"47","-824.9999999999418","42.5","true","47","-24157.5","24","true","47","0","53","true","47","-3581.2499999999927","32","true","47","0","13","true"
"48","-824.9999999999418","42.5","true","48","-24157.5","24","true","48","0","53","true","48","-17448.749999999985","32","true","48","0","13","true"
"49","-824.9999999999418","42.5","true","49","1530","24","true","49","0","53","true","49","-17126.249999999985","32","true","49","0","13","true"
"50","-824.9999999999418","42.5","true","50","1530","24","true","50","0","53","true","50","-17126.249999999985","32","true","50","0","13","true"
"51","8070.000000000116","42.5","true","51","-29421.249999999993","24","true","51","0","53","true","51","21342.50000000003","32","true","51","0","13","true"
"52","-824.9999999999418","42.5","true","52","-24157.5","24","true","52","0","53","true","52","-25511.249999999985","32","true","52","0","13","true"
"53","-824.9999999999418","42.5","true","53","-38595","24","true","53","0","53","true","53","-3581.2499999999927","32","true","53","0","13","true"
"54","-64990","42.5","true","54","-30947.5","24","true","54","0","53","true","54","44801.250000000015","32","true","54","0","13","true"
"55","-824.9999999999418","42.5","true","55","-38595","24","true","55","0","53","true","55","-17126.249999999985","32","true","55","0","13","true"
"56","-57909.99999999994","42.5","true","56","-8306.25","24","true","56","0","53","true","56","-23688.749999999985","32","true","56","0","13","true"
"57","-1890.0000000001164","42.5","true","57","-17837.5","24","true","57","0","53","true","57","-20568.749999999978","32","true","57","0","13","true"
"58","-824.9999999999418","42.5","true","58","-30438.75","24","true","58","0","53","true","58","-3581.2499999999927","32","true","58","0","13","true"
"59","8070.000000000116","42.5","true","59","-1797.5","24","true","59","0","53","true","59","-21348.749999999978","32","true","59","0","13","true"
"60","-824.9999999999418","42.5","true","60","-23688.75","24","true","60","0","53","true","60","-3581.2499999999927","32","true","60","0","13","true"
"61","-824.9999999999418","42.5","true","61","-23688.75","24","true","61","0","53","true","61","13511.250000000015","32","true","61","0","13","true"
"62","-824.9999999999418","42.5","true","62","-23688.75","24","true","62","0","53","true","62","-356.25","32","true","62","0","13","true"
"63","-1890.0000000001164","42.5","true","63","-17837.5","24","true","63","0","53","true","63","22840.00000000003","32","true","63","0","13","true"
"64","8070.000000000116","42.5","true","64","-10171.249999999993","24","true","64","0","53","true","64","-8556.249999999985","32","true","64","0","13","true"
"65","-824.9999999999418","42.5","true","65","-30438.75","24","true","65","0","53","true","65","28830.000000000015","32","true","65","0","13","true"
"66","8070.000000000116","42.5","true","66","3400","24","true","66","0","53","true","66","-21348.749999999978","32","true","66","0","13","true"
"67","-824.9999999999418","42.5","true","67","-24157.5","24","true","67","0","53","true","67","-17448.749999999985","32","true","67","0","13","true"
"68","-64990","42.5","true","68","-3937.5","24","true","68","0","53","true","68","32573.75000000003","32","true","68","0","13","true"
"69","-57909.99999999994","42.5","true","69","-33491.24999999999","24","true","69","0","53","true","69","-23688.749999999985","32","true","69","0","13","true"
"70","-824.9999999999418","42.5","true","70","-38595","24","true","70","0","53","true","70","28830.000000000015","32","true","70","0","13","true"
"71","-824.9999999999418","42.5","true","71","-30438.75","24","true","71","0","53","true","71","13511.250000000015","32","true","71","0","13","true"
"72","8070.000000000116","42.5","true","72","3400","24","true","72","0","53","true","72","-22241.249999999985","32","true","72","0","13","true"
"73","-64990","42.5","true","73","-38995","24","true","73","0","53","true","73","-16503.749999999985","32","true","73","0","13","true"
"74","-57909.99999999994","42.5","true","74","-40995","24","true","74","0","53","true","74","3431.2500000000146","32","true","74","0","13","true"
"75","-824.9999999999418","42.5","true","75","-2688.75","24","true","75","0","53","true","75","13511.250000000015","32","true","75","0","13","true"
"76","-824.9999999999418","42.5","true","76","-11688.75","24","true","76","0","53","true","76","-17448.749999999985","32","true","76","0","13","true"
"77","-824.9999999999418","42.5","true","77","1530","24","true","77","0","53","true","77","-3581.2499999999927","32","true","77","0","13","true"
"78","-824.9999999999418","42.5","true","78","-20407.5","24","true","78","0","53","true","78","-17126.249999999985","32","true","78","0","13","true"
"79","-1890.0000000001164","42.5","true","79","431.25","24","true","79","0","53","true","79","-20568.749999999978","32","true","79","0","13","true"
"80","8070.000000000116","42.5","true","80","-931.2499999999854","24","true","80","0","53","true","80","-28786.249999999978","32","true","80","0","13","true"
"81","-824.9999999999418","42.5","true","81","-30438.75","24","true","81","0","53","true","81","40601.250000000015","32","true","81","0","13","true"
"82","8070.000000000116","42.5","true","82","-22491.25","24","true","82","0","53","true","82","-5581.249999999993","32","true","82","0","13","true"
"83","-64990","42.5","true","83","-3567.5","24","true","83","0","53","true","83","2256.2500000000146","32","true","83","0","13","true"
"84","8070.000000000116","42.5","true","84","-37795","24","true","84","0","53","true","84","21342.50000000003","32","true","84","0","13","true"
"85","-824.9999999999418","42.5","true","85","-11688.75","24","true","85","0","53","true","85","-3581.2499999999927","32","true","85","0","13","true"
"86","118488","42.5","true","86","11389.2","24","true","86","0","53","true","86","4038.75","32","true","86","0","13","true"
"87","95413.50000000006","42.5","true","87","1546.2500000000073","24","true","87","0","53","true","87","20166.25","32","true","87","0","13","true"
"88","79808.99999999994","42.5","true","88","7310","24","true","88","0","53","true","88","8448.75","32","true","88","0","13","true"
"89","68221.49999999994","42.5","true","89","-6933.75","24","true","89","0","53","true","89","8721.25","32","true","89","0","13","true"
"""Crop Groundwater Irrigation"""
"x min","x max","y min","y max","autoplot?","current pen","legend open?","number of pens"
"0","96.3","0","25.3","true","""Corn""","true","4"

"pen name","pen down?","mode","interval","color","x"
"""Corn""","true","0","1","42.5","89"
"""Wheat""","true","0","1","24","89"
"""Soybeans""","true","0","1","53","89"
"""SG""","true","0","1","32","89"

"""Corn""",,,,"""Wheat""",,,,"""Soybeans""",,,,"""SG"""
"x","y","color","pen down?","x","y","color","pen down?","x","y","color","pen down?","x","y","color","pen down?"
"0","0","42.5","true","0","0","24","true","0","0","53","true","0","0","32","true"
"1","14","42.5","true","1","7","24","true","1","0","53","true","1","15","32","true"
"2","9","42.5","true","2","9","24","true","2","0","53","true","2","13","32","true"
"3","18","42.5","true","3","18","24","true","3","0","53","true","3","12","32","true"
"4","23","42.5","true","4","12","24","true","4","0","53","true","4","14","32","true"
"5","24","42.5","true","5","18","24","true","5","0","53","true","5","16","32","true"
"6","18","42.5","true","6","15","24","true","6","0","53","true","6","14","32","true"
"7","13","42.5","true","7","10","24","true","7","0","53","true","7","9","32","true"
"8","7","42.5","true","8","12","24","true","8","0","53","true","8","7","32","true"
"9","4","42.5","true","9","12","24","true","9","0","53","true","9","8","32","true"
"10","14","42.5","true","10","12","24","true","10","0","53","true","10","17","32","true"
"11","7","42.5","true","11","12","24","true","11","0","53","true","11","7","32","true"
"12","7","42.5","true","12","12","24","true","12","0","53","true","12","7","32","true"
"13","7","42.5","true","13","12","24","true","13","0","53","true","13","7","32","true"
"14","4","42.5","true","14","12","24","true","14","0","53","true","14","8","32","true"
"15","7","42.5","true","15","12","24","true","15","0","53","true","15","7","32","true"
"16","14","42.5","true","16","12","24","true","16","0","53","true","16","17","32","true"
"17","7","42.5","true","17","12","24","true","17","0","53","true","17","7","32","true"
"18","13","42.5","true","18","10","24","true","18","0","53","true","18","9","32","true"
"19","14","42.5","true","19","7","24","true","19","0","53","true","19","15","32","true"
"20","14","42.5","true","20","7","24","true","20","0","53","true","20","15","32","true"
"21","14","42.5","true","21","12","24","true","21","0","53","true","21","17","32","true"
"22","7","42.5","true","22","12","24","true","22","0","53","true","22","7","32","true"
"23","7","42.5","true","23","12","24","true","23","0","53","true","23","7","32","true"
"24","14","42.5","true","24","7","24","true","24","0","53","true","24","15","32","true"
"25","14","42.5","true","25","7","24","true","25","0","53","true","25","15","32","true"
"26","7","42.5","true","26","12","24","true","26","0","53","true","26","7","32","true"
"27","4","42.5","true","27","12","24","true","27","0","53","true","27","8","32","true"
"28","7","42.5","true","28","12","24","true","28","0","53","true","28","7","32","true"
"29","7","42.5","true","29","12","24","true","29","0","53","true","29","7","32","true"
"30","13","42.5","true","30","10","24","true","30","0","53","true","30","9","32","true"
"31","14","42.5","true","31","7","24","true","31","0","53","true","31","15","32","true"
"32","7","42.5","true","32","12","24","true","32","0","53","true","32","7","32","true"
"33","7","42.5","true","33","12","24","true","33","0","53","true","33","7","32","true"
"34","7","42.5","true","34","12","24","true","34","0","53","true","34","7","32","true"
"35","4","42.5","true","35","12","24","true","35","0","53","true","35","8","32","true"
"36","14","42.5","true","36","7","24","true","36","0","53","true","36","15","32","true"
"37","13","42.5","true","37","10","24","true","37","0","53","true","37","9","32","true"
"38","14","42.5","true","38","12","24","true","38","0","53","true","38","17","32","true"
"39","7","42.5","true","39","12","24","true","39","0","53","true","39","7","32","true"
"40","7","42.5","true","40","12","24","true","40","0","53","true","40","7","32","true"
"41","14","42.5","true","41","12","24","true","41","0","53","true","41","17","32","true"
"42","14","42.5","true","42","7","24","true","42","0","53","true","42","15","32","true"
"43","14","42.5","true","43","7","24","true","43","0","53","true","43","15","32","true"
"44","7","42.5","true","44","12","24","true","44","0","53","true","44","7","32","true"
"45","13","42.5","true","45","10","24","true","45","0","53","true","45","9","32","true"
"46","4","42.5","true","46","12","24","true","46","0","53","true","46","8","32","true"
"47","7","42.5","true","47","12","24","true","47","0","53","true","47","7","32","true"
"48","7","42.5","true","48","12","24","true","48","0","53","true","48","7","32","true"
"49","7","42.5","true","49","12","24","true","49","0","53","true","49","7","32","true"
"50","7","42.5","true","50","12","24","true","50","0","53","true","50","7","32","true"
"51","14","42.5","true","51","7","24","true","51","0","53","true","51","15","32","true"
"52","7","42.5","true","52","12","24","true","52","0","53","true","52","7","32","true"
"53","7","42.5","true","53","12","24","true","53","0","53","true","53","7","32","true"
"54","14","42.5","true","54","12","24","true","54","0","53","true","54","17","32","true"
"55","7","42.5","true","55","12","24","true","55","0","53","true","55","7","32","true"
"56","4","42.5","true","56","12","24","true","56","0","53","true","56","8","32","true"
"57","13","42.5","true","57","10","24","true","57","0","53","true","57","9","32","true"
"58","7","42.5","true","58","12","24","true","58","0","53","true","58","7","32","true"
"59","14","42.5","true","59","7","24","true","59","0","53","true","59","15","32","true"
"60","7","42.5","true","60","12","24","true","60","0","53","true","60","7","32","true"
"61","7","42.5","true","61","12","24","true","61","0","53","true","61","7","32","true"
"62","7","42.5","true","62","12","24","true","62","0","53","true","62","7","32","true"
"63","13","42.5","true","63","10","24","true","63","0","53","true","63","9","32","true"
"64","14","42.5","true","64","7","24","true","64","0","53","true","64","15","32","true"
"65","7","42.5","true","65","12","24","true","65","0","53","true","65","7","32","true"
"66","14","42.5","true","66","7","24","true","66","0","53","true","66","15","32","true"
"67","7","42.5","true","67","12","24","true","67","0","53","true","67","7","32","true"
"68","14","42.5","true","68","12","24","true","68","0","53","true","68","17","32","true"
"69","4","42.5","true","69","12","24","true","69","0","53","true","69","8","32","true"
"70","7","42.5","true","70","12","24","true","70","0","53","true","70","7","32","true"
"71","7","42.5","true","71","12","24","true","71","0","53","true","71","7","32","true"
"72","14","42.5","true","72","7","24","true","72","0","53","true","72","15","32","true"
"73","14","42.5","true","73","12","24","true","73","0","53","true","73","17","32","true"
"74","4","42.5","true","74","12","24","true","74","0","53","true","74","8","32","true"
"75","7","42.5","true","75","12","24","true","75","0","53","true","75","7","32","true"
"76","7","42.5","true","76","12","24","true","76","0","53","true","76","7","32","true"
"77","7","42.5","true","77","12","24","true","77","0","53","true","77","7","32","true"
"78","7","42.5","true","78","12","24","true","78","0","53","true","78","7","32","true"
"79","13","42.5","true","79","10","24","true","79","0","53","true","79","9","32","true"
"80","14","42.5","true","80","7","24","true","80","0","53","true","80","15","32","true"
"81","7","42.5","true","81","12","24","true","81","0","53","true","81","7","32","true"
"82","14","42.5","true","82","7","24","true","82","0","53","true","82","15","32","true"
"83","14","42.5","true","83","12","24","true","83","0","53","true","83","17","32","true"
"84","14","42.5","true","84","7","24","true","84","0","53","true","84","15","32","true"
"85","7","42.5","true","85","12","24","true","85","0","53","true","85","7","32","true"
"86","0","42.5","true","86","0","24","true","86","0","53","true","86","0","32","true"
"87","0","42.5","true","87","0","24","true","87","0","53","true","87","0","32","true"
"88","0","42.5","true","88","0","24","true","88","0","53","true","88","0","32","true"
"89","0","42.5","true","89","0","24","true","89","0","53","true","89","0","32","true"
"""Crop Production"""
"x min","x max","y min","y max","autoplot?","current pen","legend open?","number of pens"
"0","96.3","0","276","true","""Corn""","true","4"

"pen name","pen down?","mode","interval","color","x"
"""Corn""","true","0","1","42.5","89"
"""Wheat""","true","0","1","24","89"
"""Soybeans""","true","0","1","53","89"
"""SG""","true","0","1","32","89"

"""Corn""",,,,"""Wheat""",,,,"""Soybeans""",,,,"""SG"""
"x","y","color","pen down?","x","y","color","pen down?","x","y","color","pen down?","x","y","color","pen down?"
"0","0","42.5","true","0","0","24","true","0","0","53","true","0","0","32","true"
"1","213","42.5","true","1","77","24","true","1","0","53","true","1","119","32","true"
"2","251","42.5","true","2","70","24","true","2","0","53","true","2","130","32","true"
"3","206","42.5","true","3","65","24","true","3","0","53","true","3","85","32","true"
"4","144","42.5","true","4","68","24","true","4","0","53","true","4","68","32","true"
"5","168","42.5","true","5","67","24","true","5","0","53","true","5","95","32","true"
"6","205","42.5","true","6","71","24","true","6","0","53","true","6","127","32","true"
"7","207","42.5","true","7","79","24","true","7","0","53","true","7","121","32","true"
"8","233","42.5","true","8","75","24","true","8","0","53","true","8","129","32","true"
"9","233","42.5","true","9","69","24","true","9","0","53","true","9","113","32","true"
"10","223","42.5","true","10","74","24","true","10","0","53","true","10","134","32","true"
"11","233","42.5","true","11","75","24","true","11","0","53","true","11","129","32","true"
"12","233","42.5","true","12","75","24","true","12","0","53","true","12","129","32","true"
"13","233","42.5","true","13","75","24","true","13","0","53","true","13","129","32","true"
"14","233","42.5","true","14","69","24","true","14","0","53","true","14","113","32","true"
"15","233","42.5","true","15","75","24","true","15","0","53","true","15","129","32","true"
"16","223","42.5","true","16","74","24","true","16","0","53","true","16","134","32","true"
"17","233","42.5","true","17","75","24","true","17","0","53","true","17","129","32","true"
"18","207","42.5","true","18","79","24","true","18","0","53","true","18","121","32","true"
"19","213","42.5","true","19","77","24","true","19","0","53","true","19","119","32","true"
"20","213","42.5","true","20","77","24","true","20","0","53","true","20","119","32","true"
"21","223","42.5","true","21","74","24","true","21","0","53","true","21","134","32","true"
"22","233","42.5","true","22","75","24","true","22","0","53","true","22","129","32","true"
"23","233","42.5","true","23","75","24","true","23","0","53","true","23","129","32","true"
"24","213","42.5","true","24","77","24","true","24","0","53","true","24","119","32","true"
"25","213","42.5","true","25","77","24","true","25","0","53","true","25","119","32","true"
"26","233","42.5","true","26","75","24","true","26","0","53","true","26","129","32","true"
"27","233","42.5","true","27","69","24","true","27","0","53","true","27","113","32","true"
"28","233","42.5","true","28","75","24","true","28","0","53","true","28","129","32","true"
"29","233","42.5","true","29","75","24","true","29","0","53","true","29","129","32","true"
"30","207","42.5","true","30","79","24","true","30","0","53","true","30","121","32","true"
"31","213","42.5","true","31","77","24","true","31","0","53","true","31","119","32","true"
"32","233","42.5","true","32","75","24","true","32","0","53","true","32","129","32","true"
"33","233","42.5","true","33","75","24","true","33","0","53","true","33","129","32","true"
"34","233","42.5","true","34","75","24","true","34","0","53","true","34","129","32","true"
"35","233","42.5","true","35","69","24","true","35","0","53","true","35","113","32","true"
"36","213","42.5","true","36","77","24","true","36","0","53","true","36","119","32","true"
"37","207","42.5","true","37","79","24","true","37","0","53","true","37","121","32","true"
"38","223","42.5","true","38","74","24","true","38","0","53","true","38","134","32","true"
"39","233","42.5","true","39","75","24","true","39","0","53","true","39","129","32","true"
"40","233","42.5","true","40","75","24","true","40","0","53","true","40","129","32","true"
"41","223","42.5","true","41","74","24","true","41","0","53","true","41","134","32","true"
"42","213","42.5","true","42","77","24","true","42","0","53","true","42","119","32","true"
"43","213","42.5","true","43","77","24","true","43","0","53","true","43","119","32","true"
"44","233","42.5","true","44","75","24","true","44","0","53","true","44","129","32","true"
"45","207","42.5","true","45","79","24","true","45","0","53","true","45","121","32","true"
"46","233","42.5","true","46","69","24","true","46","0","53","true","46","113","32","true"
"47","233","42.5","true","47","75","24","true","47","0","53","true","47","129","32","true"
"48","233","42.5","true","48","75","24","true","48","0","53","true","48","129","32","true"
"49","233","42.5","true","49","75","24","true","49","0","53","true","49","129","32","true"
"50","233","42.5","true","50","75","24","true","50","0","53","true","50","129","32","true"
"51","213","42.5","true","51","77","24","true","51","0","53","true","51","119","32","true"
"52","233","42.5","true","52","75","24","true","52","0","53","true","52","129","32","true"
"53","233","42.5","true","53","75","24","true","53","0","53","true","53","129","32","true"
"54","223","42.5","true","54","74","24","true","54","0","53","true","54","134","32","true"
"55","233","42.5","true","55","75","24","true","55","0","53","true","55","129","32","true"
"56","233","42.5","true","56","69","24","true","56","0","53","true","56","113","32","true"
"57","207","42.5","true","57","79","24","true","57","0","53","true","57","121","32","true"
"58","233","42.5","true","58","75","24","true","58","0","53","true","58","129","32","true"
"59","213","42.5","true","59","77","24","true","59","0","53","true","59","119","32","true"
"60","233","42.5","true","60","75","24","true","60","0","53","true","60","129","32","true"
"61","233","42.5","true","61","75","24","true","61","0","53","true","61","129","32","true"
"62","233","42.5","true","62","75","24","true","62","0","53","true","62","129","32","true"
"63","207","42.5","true","63","79","24","true","63","0","53","true","63","121","32","true"
"64","213","42.5","true","64","77","24","true","64","0","53","true","64","119","32","true"
"65","233","42.5","true","65","75","24","true","65","0","53","true","65","129","32","true"
"66","213","42.5","true","66","77","24","true","66","0","53","true","66","119","32","true"
"67","233","42.5","true","67","75","24","true","67","0","53","true","67","129","32","true"
"68","223","42.5","true","68","74","24","true","68","0","53","true","68","134","32","true"
"69","233","42.5","true","69","69","24","true","69","0","53","true","69","113","32","true"
"70","233","42.5","true","70","75","24","true","70","0","53","true","70","129","32","true"
"71","233","42.5","true","71","75","24","true","71","0","53","true","71","129","32","true"
"72","213","42.5","true","72","77","24","true","72","0","53","true","72","119","32","true"
"73","223","42.5","true","73","74","24","true","73","0","53","true","73","134","32","true"
"74","233","42.5","true","74","69","24","true","74","0","53","true","74","113","32","true"
"75","233","42.5","true","75","75","24","true","75","0","53","true","75","129","32","true"
"76","233","42.5","true","76","75","24","true","76","0","53","true","76","129","32","true"
"77","233","42.5","true","77","75","24","true","77","0","53","true","77","129","32","true"
"78","233","42.5","true","78","75","24","true","78","0","53","true","78","129","32","true"
"79","207","42.5","true","79","79","24","true","79","0","53","true","79","121","32","true"
"80","213","42.5","true","80","77","24","true","80","0","53","true","80","119","32","true"
"81","233","42.5","true","81","75","24","true","81","0","53","true","81","129","32","true"
"82","213","42.5","true","82","77","24","true","82","0","53","true","82","119","32","true"
"83","223","42.5","true","83","74","24","true","83","0","53","true","83","134","32","true"
"84","213","42.5","true","84","77","24","true","84","0","53","true","84","119","32","true"
"85","233","42.5","true","85","75","24","true","85","0","53","true","85","129","32","true"
"86","123","42.5","true","86","8","24","true","86","0","53","true","86","90","32","true"
"87","132","42.5","true","87","53","24","true","87","0","53","true","87","109","32","true"
"88","132","42.5","true","88","53","24","true","88","0","53","true","88","109","32","true"
"89","132","42.5","true","89","53","24","true","89","0","53","true","89","109","32","true"
"""Farm Energy Production"""
"x min","x max","y min","y max","autoplot?","current pen","legend open?","number of pens"
"0","96.3","0","32400","true","""Wind        ""","true","3"

"pen name","pen down?","mode","interval","color","x"
"""Wind        ""","true","0","1","104","89"
"""Solar ""","true","0","1","14","89"
"""0 MWh""","true","2","1","13","89"

"""Wind        """,,,,"""Solar """,,,,"""0 MWh"""
"x","y","color","pen down?","x","y","color","pen down?","x","y","color","pen down?"
"0","0","104","true","0","0","14","true","0","0","13","true"
"1","29433.6","104","true","1","5840","14","true","1","0","13","true"
"2","29433.6","104","true","2","5781.6","14","true","2","0","13","true"
"3","29433.6","104","true","3","5723.784000000001","14","true","3","0","13","true"
"4","29433.6","104","true","4","5666.546160000001","14","true","4","0","13","true"
"5","29433.6","104","true","5","5609.880698400001","14","true","5","0","13","true"
"6","29433.6","104","true","6","5553.781891416001","14","true","6","0","13","true"
"7","29433.6","104","true","7","5498.2440725018405","14","true","7","0","13","true"
"8","29433.6","104","true","8","5443.2616317768225","14","true","8","0","13","true"
"9","29433.6","104","true","9","5388.829015459054","14","true","9","0","13","true"
"10","29433.6","104","true","10","5334.940725304464","14","true","10","0","13","true"
"11","29139.264","104","true","11","5281.591318051419","14","true","11","0","13","true"
"12","28847.871359999997","104","true","12","5228.775404870905","14","true","12","0","13","true"
"13","28559.392646399996","104","true","13","5176.487650822196","14","true","13","0","13","true"
"14","28273.798719935996","104","true","14","5124.722774313974","14","true","14","0","13","true"
"15","27991.060732736634","104","true","15","5073.475546570834","14","true","15","0","13","true"
"16","27711.15012540927","104","true","16","5022.740791105126","14","true","16","0","13","true"
"17","27434.038624155175","104","true","17","4972.513383194075","14","true","17","0","13","true"
"18","27159.698237913624","104","true","18","4922.788249362134","14","true","18","0","13","true"
"19","26888.10125553449","104","true","19","4873.560366868513","14","true","19","0","13","true"
"20","26619.220242979143","104","true","20","4824.824763199827","14","true","20","0","13","true"
"21","26353.02804054935","104","true","21","4776.576515567829","14","true","21","0","13","true"
"22","26089.497760143855","104","true","22","4728.810750412151","14","true","22","0","13","true"
"23","25828.602782542417","104","true","23","4681.522642908029","14","true","23","0","13","true"
"24","25570.316754716994","104","true","24","4634.707416478949","14","true","24","0","13","true"
"25","25314.613587169824","104","true","25","4588.360342314159","14","true","25","0","13","true"
"26","25061.467451298126","104","true","26","5840","14","true","26","0","13","true"
"27","24810.852776785145","104","true","27","5781.6","14","true","27","0","13","true"
"28","24562.744249017294","104","true","28","5723.784000000001","14","true","28","0","13","true"
"29","24317.11680652712","104","true","29","5666.546160000001","14","true","29","0","13","true"
"30","24073.94563846185","104","true","30","5609.880698400001","14","true","30","0","13","true"
"31","29433.6","104","true","31","5553.781891416001","14","true","31","0","13","true"
"32","29433.6","104","true","32","5498.2440725018405","14","true","32","0","13","true"
"33","29433.6","104","true","33","5443.2616317768225","14","true","33","0","13","true"
"34","29433.6","104","true","34","5388.829015459054","14","true","34","0","13","true"
"35","29433.6","104","true","35","5334.940725304464","14","true","35","0","13","true"
"36","29433.6","104","true","36","5281.591318051419","14","true","36","0","13","true"
"37","29433.6","104","true","37","5228.775404870905","14","true","37","0","13","true"
"38","29433.6","104","true","38","5176.487650822196","14","true","38","0","13","true"
"39","29433.6","104","true","39","5124.722774313974","14","true","39","0","13","true"
"40","29433.6","104","true","40","5073.475546570834","14","true","40","0","13","true"
"41","29139.264","104","true","41","5022.740791105126","14","true","41","0","13","true"
"42","28847.871359999997","104","true","42","4972.513383194075","14","true","42","0","13","true"
"43","28559.392646399996","104","true","43","4922.788249362134","14","true","43","0","13","true"
"44","28273.798719935996","104","true","44","4873.560366868513","14","true","44","0","13","true"
"45","27991.060732736634","104","true","45","4824.824763199827","14","true","45","0","13","true"
"46","27711.15012540927","104","true","46","4776.576515567829","14","true","46","0","13","true"
"47","27434.038624155175","104","true","47","4728.810750412151","14","true","47","0","13","true"
"48","27159.698237913624","104","true","48","4681.522642908029","14","true","48","0","13","true"
"49","26888.10125553449","104","true","49","4634.707416478949","14","true","49","0","13","true"
"50","26619.220242979143","104","true","50","4588.360342314159","14","true","50","0","13","true"
"51","26353.02804054935","104","true","51","5840","14","true","51","0","13","true"
"52","26089.497760143855","104","true","52","5781.6","14","true","52","0","13","true"
"53","25828.602782542417","104","true","53","5723.784000000001","14","true","53","0","13","true"
"54","25570.316754716994","104","true","54","5666.546160000001","14","true","54","0","13","true"
"55","25314.613587169824","104","true","55","5609.880698400001","14","true","55","0","13","true"
"56","25061.467451298126","104","true","56","5553.781891416001","14","true","56","0","13","true"
"57","24810.852776785145","104","true","57","5498.2440725018405","14","true","57","0","13","true"
"58","24562.744249017294","104","true","58","5443.2616317768225","14","true","58","0","13","true"
"59","24317.11680652712","104","true","59","5388.829015459054","14","true","59","0","13","true"
"60","24073.94563846185","104","true","60","5334.940725304464","14","true","60","0","13","true"
"61","29433.6","104","true","61","5281.591318051419","14","true","61","0","13","true"
"62","29433.6","104","true","62","5228.775404870905","14","true","62","0","13","true"
"63","29433.6","104","true","63","5176.487650822196","14","true","63","0","13","true"
"64","29433.6","104","true","64","5124.722774313974","14","true","64","0","13","true"
"65","29433.6","104","true","65","5073.475546570834","14","true","65","0","13","true"
"66","29433.6","104","true","66","5022.740791105126","14","true","66","0","13","true"
"67","29433.6","104","true","67","4972.513383194075","14","true","67","0","13","true"
"68","29433.6","104","true","68","4922.788249362134","14","true","68","0","13","true"
"69","29433.6","104","true","69","4873.560366868513","14","true","69","0","13","true"
"70","29433.6","104","true","70","4824.824763199827","14","true","70","0","13","true"
"71","29139.264","104","true","71","4776.576515567829","14","true","71","0","13","true"
"72","28847.871359999997","104","true","72","4728.810750412151","14","true","72","0","13","true"
"73","28559.392646399996","104","true","73","4681.522642908029","14","true","73","0","13","true"
"74","28273.798719935996","104","true","74","4634.707416478949","14","true","74","0","13","true"
"75","27991.060732736634","104","true","75","4588.360342314159","14","true","75","0","13","true"
"76","27711.15012540927","104","true","76","5840","14","true","76","0","13","true"
"77","27434.038624155175","104","true","77","5781.6","14","true","77","0","13","true"
"78","27159.698237913624","104","true","78","5723.784000000001","14","true","78","0","13","true"
"79","26888.10125553449","104","true","79","5666.546160000001","14","true","79","0","13","true"
"80","26619.220242979143","104","true","80","5609.880698400001","14","true","80","0","13","true"
"81","26353.02804054935","104","true","81","5553.781891416001","14","true","81","0","13","true"
"82","26089.497760143855","104","true","82","5498.2440725018405","14","true","82","0","13","true"
"83","25828.602782542417","104","true","83","5443.2616317768225","14","true","83","0","13","true"
"84","25570.316754716994","104","true","84","5388.829015459054","14","true","84","0","13","true"
"85","25314.613587169824","104","true","85","5334.940725304464","14","true","85","0","13","true"
"86","25061.467451298126","104","true","86","5281.591318051419","14","true","86","0","13","true"
"87","24810.852776785145","104","true","87","5228.775404870905","14","true","87","0","13","true"
"88","24562.744249017294","104","true","88","5176.487650822196","14","true","88","0","13","true"
"89","24317.11680652712","104","true","89","5124.722774313974","14","true","89","0","13","true"
"""Total Net Income"""
"x min","x max","y min","y max","autoplot?","current pen","legend open?","number of pens"
"0","96.3","-230000","1570000","true","""Crop""","true","4"

"pen name","pen down?","mode","interval","color","x"
"""Crop""","true","0","1","54","89"
"""Energy     ""","true","0","1","25","89"
"""All""","true","0","1","0","89"
"""US$0""","true","2","1","13","89"

"""Crop""",,,,"""Energy     """,,,,"""All""",,,,"""US$0"""
"x","y","color","pen down?","x","y","color","pen down?","x","y","color","pen down?","x","y","color","pen down?"
"0","0","54","true","0","0","25","true","0","0","0","true","0","0","13","true"
"1","-14778.749999999869","54","true","1","1421925.8779410154","25","true","1","1407147.1279410156","0","true","1","0","13","true"
"2","-66741.24999999999","54","true","2","824865.8779410154","25","true","2","758124.6279410154","0","true","2","0","13","true"
"3","78852.49999999996","54","true","3","822264.1579410154","25","true","3","901116.6579410154","0","true","3","0","13","true"
"4","33356.249999999956","54","true","4","819688.4551410155","25","true","4","853044.7051410154","0","true","4","0","13","true"
"5","207494.99999999994","54","true","5","817138.5093690155","25","true","5","1024633.5093690155","0","true","5","0","13","true"
"6","59144.999999999956","54","true","6","775894.0630547355","25","true","6","835039.0630547355","0","true","6","0","13","true"
"7","-18105.000000000095","54","true","7","624786.8612035983","25","true","7","606681.8612035982","0","true","7","0","13","true"
"8","-42431.24999999993","54","true","8","622312.6513709724","25","true","8","579881.4013709724","0","true","8","0","13","true"
"9","-129656.24999999993","54","true","9","619863.1836366729","25","true","9","490206.933636673","0","true","9","0","13","true"
"10","-111436.24999999997","54","true","10","617438.2105797164","25","true","10","506001.96057971637","0","true","10","0","13","true"
"11","-7938.7499999999345","54","true","11","473491.5672533293","25","true","11","465552.8172533294","0","true","11","0","13","true"
"12","37087.50000000007","54","true","12","458002.18236020615","25","true","12","495089.6823602062","0","true","12","0","13","true"
"13","-7721.249999999927","54","true","13","442667.69131601416","25","true","13","434946.4413160142","0","true","13","0","13","true"
"14","-115089.99999999993","54","true","14","427486.5451822642","25","true","14","312396.54518226424","0","true","14","0","13","true"
"15","-16743.749999999927","54","true","15","412457.21050985175","25","true","15","395713.4605098518","0","true","15","0","13","true"
"16","-44863.74999999997","54","true","16","397578.16918416345","25","true","16","352714.41918416345","0","true","16","0","13","true"
"17","-31619.99999999994","54","true","17","382847.9182717318","25","true","17","351227.9182717319","0","true","17","0","13","true"
"18","3587.4999999999054","54","true","18","368264.96986842476","25","true","18","371852.46986842464","0","true","18","0","13","true"
"19","-50776.24999999987","54","true","19","353827.85094915074","25","true","19","303051.60094915086","0","true","19","0","13","true"
"20","2913.750000000131","54","true","20","339535.10321906937","25","true","20","342448.8532190695","0","true","20","0","13","true"
"21","-87323.74999999999","54","true","21","325385.28296628874","25","true","21","238061.53296628874","0","true","21","0","13","true"
"22","-56868.74999999993","54","true","22","311376.9609160359","25","true","22","254508.21091603598","0","true","22","0","13","true"
"23","-48712.49999999993","54","true","23","297508.7220862858","25","true","23","248796.22208628588","0","true","23","0","13","true"
"24","2476.250000000131","54","true","24","283779.165644833","25","true","24","286255.4156448331","0","true","24","0","13","true"
"25","-9581.249999999869","54","true","25","270186.90476779494","25","true","25","260605.65476779506","0","true","25","0","13","true"
"26","-39648.74999999993","54","true","26","353839.11324943113","25","true","26","314190.3632494312","0","true","26","0","13","true"
"27","-68341.24999999993","54","true","27","339933.45289634704","25","true","27","271592.2028963471","0","true","27","0","13","true"
"28","-50493.74999999993","54","true","28","326166.84914679383","25","true","28","275673.0991467939","0","true","28","0","13","true"
"29","-34844.999999999935","54","true","29","312537.911434736","25","true","29","277692.91143473604","0","true","29","0","13","true"
"30","-22521.250000000095","54","true","30","299045.26309979893","25","true","30","276524.0130997988","0","true","30","0","13","true"
"31","-22513.74999999986","54","true","31","1370326.0630547353","25","true","31","1347812.3130547353","0","true","31","0","13","true"
"32","-42431.24999999993","54","true","32","773394.8612035983","25","true","32","730963.6112035983","0","true","32","0","13","true"
"33","-34844.999999999935","54","true","33","770920.6513709724","25","true","33","736075.6513709724","0","true","33","0","13","true"
"34","-12869.999999999942","54","true","34","768471.1836366729","25","true","34","755601.183636673","0","true","34","0","13","true"
"35","-97839.99999999993","54","true","35","766046.2105797164","25","true","35","668206.2105797164","0","true","35","0","13","true"
"36","18681.25000000013","54","true","36","763645.4872533293","25","true","36","782326.7372533294","0","true","36","0","13","true"
"37","31928.749999999898","54","true","37","612660.7711602062","25","true","37","644589.5211602061","0","true","37","0","13","true"
"38","-92936.24999999997","54","true","38","610307.8222280142","25","true","38","517371.57222801424","0","true","38","0","13","true"
"39","-17752.499999999927","54","true","39","607978.4027851443","25","true","39","590225.9027851443","0","true","39","0","13","true"
"40","-42929.99999999993","54","true","40","605672.277536703","25","true","40","562742.277536703","0","true","40","0","13","true"
"41","-47733.749999999985","54","true","41","461843.2935407462","25","true","41","414109.5435407462","0","true","41","0","13","true"
"42","-7209.999999999869","54","true","42","446470.39138474874","25","true","42","439260.39138474886","0","true","42","0","13","true"
"43","18681.25000000013","54","true","43","431251.2182503114","25","true","43","449932.4682503115","0","true","43","0","13","true"
"44","14216.250000000073","54","true","44","416184.23684721836","25","true","44","430400.4868472184","0","true","44","0","13","true"
"45","-5003.750000000102","54","true","45","401267.92525815644","25","true","45","396264.1752581563","0","true","45","0","13","true"
"46","-108597.49999999993","54","true","46","386500.7767849851","25","true","46","277903.27678498515","0","true","46","0","13","true"
"47","-28563.749999999935","54","true","47","371881.2997965453","25","true","47","343317.54979654535","0","true","47","0","13","true"
"48","-42431.24999999993","54","true","48","357408.0175779901","25","true","48","314976.76757799013","0","true","48","0","13","true"
"49","-16421.249999999927","54","true","49","343079.46818162047","25","true","49","326658.2181816205","0","true","49","0","13","true"
"50","-16421.249999999927","54","true","50","328894.2042792143","25","true","50","312472.9542792144","0","true","50","0","13","true"
"51","-8.749999999847205","54","true","51","411959.33976573637","25","true","51","411950.5897657365","0","true","51","0","13","true"
"52","-50493.74999999993","54","true","52","397472.4771474891","25","true","52","346978.72714748915","0","true","52","0","13","true"
"53","-43001.249999999935","54","true","53","383130.4831554245","25","true","53","340129.23315542453","0","true","53","0","13","true"
"54","-51136.249999999985","54","true","54","368931.9091032803","25","true","54","317795.6591032803","0","true","54","0","13","true"
"55","-56546.24999999993","54","true","55","354875.3207916578","25","true","55","298329.07079165784","0","true","55","0","13","true"
"56","-89904.99999999993","54","true","56","302239.2983631512","25","true","56","212334.29836315126","0","true","56","0","13","true"
"57","-40296.250000000095","54","true","57","288462.4361589299","25","true","57","248166.1861589298","0","true","57","0","13","true"
"58","-34844.999999999935","54","true","58","274823.34257675085","25","true","58","239978.3425767509","0","true","58","0","13","true"
"59","-15076.249999999862","54","true","59","261320.6399303934","25","true","59","246244.38993039358","0","true","59","0","13","true"
"60","-28094.999999999935","54","true","60","247952.96431049978","25","true","60","219857.96431049984","0","true","60","0","13","true"
"61","-11002.499999999927","54","true","61","1358077.4872533293","25","true","61","1347074.9872533293","0","true","61","0","13","true"
"62","-24869.99999999994","54","true","62","761268.7711602062","25","true","62","736398.7711602063","0","true","62","0","13","true"
"63","3112.4999999999127","54","true","63","758915.8222280142","25","true","63","762028.3222280141","0","true","63","0","13","true"
"64","-10657.499999999862","54","true","64","756586.4027851443","25","true","64","745928.9027851444","0","true","64","0","13","true"
"65","-2433.7499999999272","54","true","65","754280.277536703","25","true","65","751846.527536703","0","true","65","0","13","true"
"66","-9878.749999999862","54","true","66","751997.2135407461","25","true","66","742118.4635407462","0","true","66","0","13","true"
"67","-42431.24999999993","54","true","67","601128.9801847488","25","true","67","558697.7301847488","0","true","67","0","13","true"
"68","-36353.74999999997","54","true","68","598891.3491623115","25","true","68","562537.5991623115","0","true","68","0","13","true"
"69","-115089.99999999993","54","true","69","596676.0944500985","25","true","69","481586.09445009846","0","true","69","0","13","true"
"70","-10589.999999999927","54","true","70","594482.9922850076","25","true","70","583892.9922850076","0","true","70","0","13","true"
"71","-17752.499999999927","54","true","71","450765.90114156785","25","true","71","433013.4011415679","0","true","71","0","13","true"
"72","-10771.249999999869","54","true","72","435503.7729095622","25","true","72","424732.52290956234","0","true","72","0","13","true"
"73","-120488.74999999999","54","true","73","420394.2659598767","25","true","73","299905.5159598767","0","true","73","0","13","true"
"74","-95473.74999999993","54","true","74","405435.8540796881","25","true","74","309962.10407968814","0","true","74","0","13","true"
"75","9997.500000000073","54","true","75","390627.0263183014","25","true","75","400624.52631830145","0","true","75","0","13","true"
"76","-29962.499999999927","54","true","76","473074.8335844327","25","true","76","443112.3335844328","0","true","76","0","13","true"
"77","-2876.2499999999345","54","true","77","457976.81602799846","25","true","77","455100.5660279985","0","true","77","0","13","true"
"78","-38358.74999999993","54","true","78","443029.7786471287","25","true","78","404671.0286471288","0","true","78","0","13","true"
"79","-22027.500000000095","54","true","79","428232.21164006775","25","true","79","406204.71164006763","0","true","79","0","13","true"
"80","-21647.499999999847","54","true","80","413582.62030307716","25","true","80","391935.1203030773","0","true","80","0","13","true"
"81","9337.500000000073","54","true","81","360359.52487945644","25","true","81","369697.0248794565","0","true","81","0","13","true"
"82","-20002.499999999876","54","true","82","346001.46041007194","25","true","82","325998.96041007206","0","true","82","0","13","true"
"83","-66301.24999999999","54","true","83","331786.9765853815","25","true","83","265485.7265853815","0","true","83","0","13","true"
"84","-8382.499999999854","54","true","84","317714.6375989377","25","true","84","309332.13759893784","0","true","84","0","13","true"
"85","-16094.999999999935","54","true","85","303783.02200235863","25","true","85","287688.0220023587","0","true","85","0","13","true"
"86","133915.95","54","true","86","289990.722561745","25","true","86","423906.672561745","0","true","86","0","13","true"
"87","117126.00000000006","54","true","87","276336.3461155378","25","true","87","393462.34611553786","0","true","87","0","13","true"
"88","95567.74999999994","54","true","88","262818.5134337926","25","true","88","358386.26343379257","0","true","88","0","13","true"
"89","70008.99999999994","54","true","89","249435.85907886477","25","true","89","319444.8590788647","0","true","89","0","13","true"
"""Energy Net Income"""
"x min","x max","y min","y max","autoplot?","current pen","legend open?","number of pens"
"0","96.3","0","1370000","true","""Wind        ""","true","3"

"pen name","pen down?","mode","interval","color","x"
"""Wind        ""","true","0","1","104","89"
"""Solar""","true","0","1","14","89"
"""US$0""","true","2","1","13","89"

"""Wind        """,,,,"""Solar""",,,,"""US$0"""
"x","y","color","pen down?","x","y","color","pen down?","x","y","color","pen down?"
"0","0","104","true","0","0","14","true","0","0","13","true"
"1","1244844.799341272","104","true","1","177081.07859974322","14","true","1","0","13","true"
"2","650412.7993412722","104","true","2","174453.07859974322","14","true","2","0","13","true"
"3","650412.7993412722","104","true","3","171851.35859974325","14","true","3","0","13","true"
"4","650412.7993412722","104","true","4","169275.65579974328","14","true","4","0","13","true"
"5","650412.7993412722","104","true","5","166725.71002774328","14","true","5","0","13","true"
"6","650412.7993412722","104","true","6","125481.26371346327","14","true","6","0","13","true"
"7","501804.7993412722","104","true","7","122982.06186232605","14","true","7","0","13","true"
"8","501804.7993412722","104","true","8","120507.85202970024","14","true","8","0","13","true"
"9","501804.7993412722","104","true","9","118058.38429540067","14","true","9","0","13","true"
"10","501804.7993412722","104","true","10","115633.4112384441","14","true","10","0","13","true"
"11","360258.8793412723","104","true","11","113232.68791205707","14","true","11","0","13","true"
"12","347146.2105412722","104","true","12","110855.97181893393","14","true","12","0","13","true"
"13","334164.66842927213","104","true","13","108503.02288674205","14","true","13","0","13","true"
"14","321312.9417383921","104","true","14","106173.60344387204","14","true","14","0","13","true"
"15","308589.732314421","104","true","15","103867.47819543077","14","true","15","0","13","true"
"16","295993.7549846895","104","true","16","101584.41419947389","14","true","16","0","13","true"
"17","283523.73742825526","104","true","17","99324.18084347658","14","true","17","0","13","true"
"18","271178.4200473855","104","true","18","97086.54982103925","14","true","18","0","13","true"
"19","258956.5558403245","104","true","19","94871.29510882628","14","true","19","0","13","true"
"20","246856.9102753339","104","true","20","92678.19294373546","14","true","20","0","13","true"
"21","234878.26116599317","104","true","21","90507.02180029554","14","true","21","0","13","true"
"22","223019.3985477459","104","true","22","88357.56236829","14","true","22","0","13","true"
"23","211279.12455568125","104","true","23","86229.59753060454","14","true","23","0","13","true"
"24","199656.25330353703","104","true","24","84122.91234129595","14","true","24","0","13","true"
"25","188149.61076391453","104","true","25","82037.29400388041","14","true","25","0","13","true"
"26","176758.03464968794","104","true","26","177081.07859974322","14","true","26","0","13","true"
"27","165480.37429660384","104","true","27","174453.07859974322","14","true","27","0","13","true"
"28","154315.4905470506","104","true","28","171851.35859974325","14","true","28","0","13","true"
"29","143262.25563499273","104","true","29","169275.65579974328","14","true","29","0","13","true"
"30","132319.55307205569","104","true","30","166725.71002774328","14","true","30","0","13","true"
"31","1244844.799341272","104","true","31","125481.26371346327","14","true","31","0","13","true"
"32","650412.7993412722","104","true","32","122982.06186232605","14","true","32","0","13","true"
"33","650412.7993412722","104","true","33","120507.85202970024","14","true","33","0","13","true"
"34","650412.7993412722","104","true","34","118058.38429540067","14","true","34","0","13","true"
"35","650412.7993412722","104","true","35","115633.4112384441","14","true","35","0","13","true"
"36","650412.7993412722","104","true","36","113232.68791205707","14","true","36","0","13","true"
"37","501804.7993412722","104","true","37","110855.97181893393","14","true","37","0","13","true"
"38","501804.7993412722","104","true","38","108503.02288674205","14","true","38","0","13","true"
"39","501804.7993412722","104","true","39","106173.60344387204","14","true","39","0","13","true"
"40","501804.7993412722","104","true","40","103867.47819543077","14","true","40","0","13","true"
"41","360258.8793412723","104","true","41","101584.41419947389","14","true","41","0","13","true"
"42","347146.2105412722","104","true","42","99324.18084347658","14","true","42","0","13","true"
"43","334164.66842927213","104","true","43","97086.54982103925","14","true","43","0","13","true"
"44","321312.9417383921","104","true","44","94871.29510882628","14","true","44","0","13","true"
"45","308589.732314421","104","true","45","92678.19294373546","14","true","45","0","13","true"
"46","295993.7549846895","104","true","46","90507.02180029554","14","true","46","0","13","true"
"47","283523.73742825526","104","true","47","88357.56236829","14","true","47","0","13","true"
"48","271178.4200473855","104","true","48","86229.59753060454","14","true","48","0","13","true"
"49","258956.5558403245","104","true","49","84122.91234129595","14","true","49","0","13","true"
"50","246856.9102753339","104","true","50","82037.29400388041","14","true","50","0","13","true"
"51","234878.26116599317","104","true","51","177081.07859974322","14","true","51","0","13","true"
"52","223019.3985477459","104","true","52","174453.07859974322","14","true","52","0","13","true"
"53","211279.12455568125","104","true","53","171851.35859974325","14","true","53","0","13","true"
"54","199656.25330353703","104","true","54","169275.65579974328","14","true","54","0","13","true"
"55","188149.61076391453","104","true","55","166725.71002774328","14","true","55","0","13","true"
"56","176758.03464968794","104","true","56","125481.26371346327","14","true","56","0","13","true"
"57","165480.37429660384","104","true","57","122982.06186232605","14","true","57","0","13","true"
"58","154315.4905470506","104","true","58","120507.85202970024","14","true","58","0","13","true"
"59","143262.25563499273","104","true","59","118058.38429540067","14","true","59","0","13","true"
"60","132319.55307205569","104","true","60","115633.4112384441","14","true","60","0","13","true"
"61","1244844.799341272","104","true","61","113232.68791205707","14","true","61","0","13","true"
"62","650412.7993412722","104","true","62","110855.97181893393","14","true","62","0","13","true"
"63","650412.7993412722","104","true","63","108503.02288674205","14","true","63","0","13","true"
"64","650412.7993412722","104","true","64","106173.60344387204","14","true","64","0","13","true"
"65","650412.7993412722","104","true","65","103867.47819543077","14","true","65","0","13","true"
"66","650412.7993412722","104","true","66","101584.41419947389","14","true","66","0","13","true"
"67","501804.7993412722","104","true","67","99324.18084347658","14","true","67","0","13","true"
"68","501804.7993412722","104","true","68","97086.54982103925","14","true","68","0","13","true"
"69","501804.7993412722","104","true","69","94871.29510882628","14","true","69","0","13","true"
"70","501804.7993412722","104","true","70","92678.19294373546","14","true","70","0","13","true"
"71","360258.8793412723","104","true","71","90507.02180029554","14","true","71","0","13","true"
"72","347146.2105412722","104","true","72","88357.56236829","14","true","72","0","13","true"
"73","334164.66842927213","104","true","73","86229.59753060454","14","true","73","0","13","true"
"74","321312.9417383921","104","true","74","84122.91234129595","14","true","74","0","13","true"
"75","308589.732314421","104","true","75","82037.29400388041","14","true","75","0","13","true"
"76","295993.7549846895","104","true","76","177081.07859974322","14","true","76","0","13","true"
"77","283523.73742825526","104","true","77","174453.07859974322","14","true","77","0","13","true"
"78","271178.4200473855","104","true","78","171851.35859974325","14","true","78","0","13","true"
"79","258956.5558403245","104","true","79","169275.65579974328","14","true","79","0","13","true"
"80","246856.9102753339","104","true","80","166725.71002774328","14","true","80","0","13","true"
"81","234878.26116599317","104","true","81","125481.26371346327","14","true","81","0","13","true"
"82","223019.3985477459","104","true","82","122982.06186232605","14","true","82","0","13","true"
"83","211279.12455568125","104","true","83","120507.85202970024","14","true","83","0","13","true"
"84","199656.25330353703","104","true","84","118058.38429540067","14","true","84","0","13","true"
"85","188149.61076391453","104","true","85","115633.4112384441","14","true","85","0","13","true"
"86","176758.03464968794","104","true","86","113232.68791205707","14","true","86","0","13","true"
"87","165480.37429660384","104","true","87","110855.97181893393","14","true","87","0","13","true"
"88","154315.4905470506","104","true","88","108503.02288674205","14","true","88","0","13","true"
"89","143262.25563499273","104","true","89","106173.60344387204","14","true","89","0","13","true"
"""Income From Crop Insurance"""
"x min","x max","y min","y max","autoplot?","current pen","legend open?","number of pens"
"0","96.3","0","105000","true","""Corn""","true","4"

"pen name","pen down?","mode","interval","color","x"
"""Corn""","true","2","1","44","89"
"""Wheat""","true","2","1","24","89"
"""Soybeans""","true","2","1","53","89"
"""SG""","true","2","1","32","89"

"""Corn""",,,,"""Wheat""",,,,"""Soybeans""",,,,"""SG"""
"x","y","color","pen down?","x","y","color","pen down?","x","y","color","pen down?","x","y","color","pen down?"
"0","0","44","true","0","0","24","true","0","0","53","true","0","0","32","true"
"1","0","44","true","1","0","24","true","1","0","53","true","1","0","32","true"
"2","0","44","true","2","0","24","true","2","0","53","true","2","0","32","true"
"3","0","44","true","3","0","24","true","3","0","53","true","3","0","32","true"
"4","0","44","true","4","0","24","true","4","0","53","true","4","0","32","true"
"5","0","44","true","5","0","24","true","5","0","53","true","5","0","32","true"
"6","0","44","true","6","0","24","true","6","0","53","true","6","0","32","true"
"7","0","44","true","7","0","24","true","7","0","53","true","7","0","32","true"
"8","0","44","true","8","0","24","true","8","0","53","true","8","0","32","true"
"9","0","44","true","9","0","24","true","9","0","53","true","9","0","32","true"
"10","0","44","true","10","0","24","true","10","0","53","true","10","0","32","true"
"11","0","44","true","11","0","24","true","11","0","53","true","11","0","32","true"
"12","0","44","true","12","0","24","true","12","0","53","true","12","0","32","true"
"13","0","44","true","13","0","24","true","13","0","53","true","13","0","32","true"
"14","0","44","true","14","0","24","true","14","0","53","true","14","0","32","true"
"15","0","44","true","15","0","24","true","15","0","53","true","15","0","32","true"
"16","0","44","true","16","0","24","true","16","0","53","true","16","0","32","true"
"17","0","44","true","17","0","24","true","17","0","53","true","17","0","32","true"
"18","0","44","true","18","0","24","true","18","0","53","true","18","0","32","true"
"19","0","44","true","19","0","24","true","19","0","53","true","19","0","32","true"
"20","0","44","true","20","0","24","true","20","0","53","true","20","0","32","true"
"21","0","44","true","21","0","24","true","21","0","53","true","21","0","32","true"
"22","0","44","true","22","0","24","true","22","0","53","true","22","0","32","true"
"23","0","44","true","23","0","24","true","23","0","53","true","23","0","32","true"
"24","0","44","true","24","0","24","true","24","0","53","true","24","0","32","true"
"25","0","44","true","25","0","24","true","25","0","53","true","25","0","32","true"
"26","0","44","true","26","0","24","true","26","0","53","true","26","0","32","true"
"27","0","44","true","27","0","24","true","27","0","53","true","27","0","32","true"
"28","0","44","true","28","0","24","true","28","0","53","true","28","0","32","true"
"29","0","44","true","29","0","24","true","29","0","53","true","29","0","32","true"
"30","0","44","true","30","0","24","true","30","0","53","true","30","0","32","true"
"31","0","44","true","31","0","24","true","31","0","53","true","31","0","32","true"
"32","0","44","true","32","0","24","true","32","0","53","true","32","0","32","true"
"33","0","44","true","33","0","24","true","33","0","53","true","33","0","32","true"
"34","0","44","true","34","0","24","true","34","0","53","true","34","0","32","true"
"35","0","44","true","35","0","24","true","35","0","53","true","35","0","32","true"
"36","0","44","true","36","0","24","true","36","0","53","true","36","0","32","true"
"37","0","44","true","37","0","24","true","37","0","53","true","37","0","32","true"
"38","0","44","true","38","0","24","true","38","0","53","true","38","0","32","true"
"39","0","44","true","39","0","24","true","39","0","53","true","39","0","32","true"
"40","0","44","true","40","0","24","true","40","0","53","true","40","0","32","true"
"41","0","44","true","41","0","24","true","41","0","53","true","41","0","32","true"
"42","0","44","true","42","0","24","true","42","0","53","true","42","0","32","true"
"43","0","44","true","43","0","24","true","43","0","53","true","43","0","32","true"
"44","0","44","true","44","0","24","true","44","0","53","true","44","0","32","true"
"45","0","44","true","45","0","24","true","45","0","53","true","45","0","32","true"
"46","0","44","true","46","0","24","true","46","0","53","true","46","0","32","true"
"47","0","44","true","47","0","24","true","47","0","53","true","47","0","32","true"
"48","0","44","true","48","0","24","true","48","0","53","true","48","0","32","true"
"49","0","44","true","49","0","24","true","49","0","53","true","49","0","32","true"
"50","0","44","true","50","0","24","true","50","0","53","true","50","0","32","true"
"51","0","44","true","51","0","24","true","51","0","53","true","51","0","32","true"
"52","0","44","true","52","0","24","true","52","0","53","true","52","0","32","true"
"53","0","44","true","53","0","24","true","53","0","53","true","53","0","32","true"
"54","0","44","true","54","0","24","true","54","0","53","true","54","0","32","true"
"55","0","44","true","55","0","24","true","55","0","53","true","55","0","32","true"
"56","0","44","true","56","0","24","true","56","0","53","true","56","0","32","true"
"57","0","44","true","57","0","24","true","57","0","53","true","57","0","32","true"
"58","0","44","true","58","0","24","true","58","0","53","true","58","0","32","true"
"59","0","44","true","59","0","24","true","59","0","53","true","59","0","32","true"
"60","0","44","true","60","0","24","true","60","0","53","true","60","0","32","true"
"61","0","44","true","61","0","24","true","61","0","53","true","61","0","32","true"
"62","0","44","true","62","0","24","true","62","0","53","true","62","0","32","true"
"63","0","44","true","63","0","24","true","63","0","53","true","63","0","32","true"
"64","0","44","true","64","0","24","true","64","0","53","true","64","0","32","true"
"65","0","44","true","65","0","24","true","65","0","53","true","65","0","32","true"
"66","0","44","true","66","0","24","true","66","0","53","true","66","0","32","true"
"67","0","44","true","67","0","24","true","67","0","53","true","67","0","32","true"
"68","0","44","true","68","0","24","true","68","0","53","true","68","0","32","true"
"69","0","44","true","69","0","24","true","69","0","53","true","69","0","32","true"
"70","0","44","true","70","0","24","true","70","0","53","true","70","0","32","true"
"71","0","44","true","71","0","24","true","71","0","53","true","71","0","32","true"
"72","0","44","true","72","0","24","true","72","0","53","true","72","0","32","true"
"73","0","44","true","73","0","24","true","73","0","53","true","73","0","32","true"
"74","0","44","true","74","0","24","true","74","0","53","true","74","0","32","true"
"75","0","44","true","75","0","24","true","75","0","53","true","75","0","32","true"
"76","0","44","true","76","0","24","true","76","0","53","true","76","0","32","true"
"77","0","44","true","77","0","24","true","77","0","53","true","77","0","32","true"
"78","0","44","true","78","0","24","true","78","0","53","true","78","0","32","true"
"79","0","44","true","79","0","24","true","79","0","53","true","79","0","32","true"
"80","0","44","true","80","0","24","true","80","0","53","true","80","0","32","true"
"81","0","44","true","81","0","24","true","81","0","53","true","81","0","32","true"
"82","0","44","true","82","0","24","true","82","0","53","true","82","0","32","true"
"83","0","44","true","83","0","24","true","83","0","53","true","83","0","32","true"
"84","0","44","true","84","0","24","true","84","0","53","true","84","0","32","true"
"85","0","44","true","85","0","24","true","85","0","53","true","85","0","32","true"
"86","95688","44","true","86","35031.700000000004","24","true","86","0","53","true","86","0","32","true"
"87","69013.50000000006","44","true","87","0","24","true","87","0","53","true","87","0","32","true"
"88","53408.99999999994","44","true","88","0","24","true","88","0","53","true","88","0","32","true"
"89","41821.5","44","true","89","0","24","true","89","0","53","true","89","0","32","true"
"""Groundwater Level"""
"x min","x max","y min","y max","autoplot?","current pen","legend open?","number of pens"
"0","96.3","0","220","true","""GW level   ""","true","3"

"pen name","pen down?","mode","interval","color","x"
"""GW level   ""","true","0","1","94","89"
"""Min Aq""","true","2","1","14","89"
"""Min+30""","true","2","1","5","89"

"""GW level   """,,,,"""Min Aq""",,,,"""Min+30"""
"x","y","color","pen down?","x","y","color","pen down?","x","y","color","pen down?"
"0","200","94","true","0","30","14","true","0","60","5","true"
"1","197.167883","94","true","1","30","14","true","1","60","5","true"
"2","195.36132266666667","94","true","2","30","14","true","2","60","5","true"
"3","191.29853766666668","94","true","3","30","14","true","3","60","5","true"
"4","186.41530733333335","94","true","4","30","14","true","4","60","5","true"
"5","180.916743","94","true","5","30","14","true","5","60","5","true"
"6","176.90523583333334","94","true","6","30","14","true","6","60","5","true"
"7","174.43206366666666","94","true","7","30","14","true","7","60","5","true"
"8","173.1895595","94","true","8","30","14","true","8","60","5","true"
"9","172.5111115","94","true","9","30","14","true","9","60","5","true"
"10","169.32004966666665","94","true","10","30","14","true","10","60","5","true"
"11","168.07754549999999","94","true","11","30","14","true","11","60","5","true"
"12","166.83504133333332","94","true","12","30","14","true","12","60","5","true"
"13","165.59253716666666","94","true","13","30","14","true","13","60","5","true"
"14","164.91408916666666","94","true","14","30","14","true","14","60","5","true"
"15","163.671585","94","true","15","30","14","true","15","60","5","true"
"16","160.48052316666667","94","true","16","30","14","true","16","60","5","true"
"17","159.238019","94","true","17","30","14","true","17","60","5","true"
"18","156.76484683333334","94","true","18","30","14","true","18","60","5","true"
"19","153.93272983333333","94","true","19","30","14","true","19","60","5","true"
"20","151.10061283333332","94","true","20","30","14","true","20","60","5","true"
"21","147.90955099999996","94","true","21","30","14","true","21","60","5","true"
"22","146.6670468333333","94","true","22","30","14","true","22","60","5","true"
"23","145.42454266666664","94","true","23","30","14","true","23","60","5","true"
"24","142.59242566666663","94","true","24","30","14","true","24","60","5","true"
"25","139.76030866666662","94","true","25","30","14","true","25","60","5","true"
"26","138.51780449999995","94","true","26","30","14","true","26","60","5","true"
"27","137.83935649999995","94","true","27","30","14","true","27","60","5","true"
"28","136.5968523333333","94","true","28","30","14","true","28","60","5","true"
"29","135.35434816666663","94","true","29","30","14","true","29","60","5","true"
"30","132.88117599999995","94","true","30","30","14","true","30","60","5","true"
"31","130.04905899999994","94","true","31","30","14","true","31","60","5","true"
"32","128.80655483333328","94","true","32","30","14","true","32","60","5","true"
"33","127.56405066666662","94","true","33","30","14","true","33","60","5","true"
"34","126.32154649999995","94","true","34","30","14","true","34","60","5","true"
"35","125.64309849999995","94","true","35","30","14","true","35","60","5","true"
"36","122.81098149999995","94","true","36","30","14","true","36","60","5","true"
"37","120.33780933333328","94","true","37","30","14","true","37","60","5","true"
"38","117.14674749999995","94","true","38","30","14","true","38","60","5","true"
"39","115.90424333333328","94","true","39","30","14","true","39","60","5","true"
"40","114.66173916666662","94","true","40","30","14","true","40","60","5","true"
"41","111.47067733333328","94","true","41","30","14","true","41","60","5","true"
"42","108.63856033333329","94","true","42","30","14","true","42","60","5","true"
"43","105.80644333333329","94","true","43","30","14","true","43","60","5","true"
"44","104.56393916666663","94","true","44","30","14","true","44","60","5","true"
"45","102.09076699999996","94","true","45","30","14","true","45","60","5","true"
"46","101.41231899999995","94","true","46","30","14","true","46","60","5","true"
"47","100.16981483333329","94","true","47","30","14","true","47","60","5","true"
"48","98.92731066666663","94","true","48","30","14","true","48","60","5","true"
"49","97.68480649999997","94","true","49","30","14","true","49","60","5","true"
"50","96.4423023333333","94","true","50","30","14","true","50","60","5","true"
"51","93.6101853333333","94","true","51","30","14","true","51","60","5","true"
"52","92.36768116666664","94","true","52","30","14","true","52","60","5","true"
"53","91.12517699999998","94","true","53","30","14","true","53","60","5","true"
"54","87.93411516666664","94","true","54","30","14","true","54","60","5","true"
"55","86.69161099999998","94","true","55","30","14","true","55","60","5","true"
"56","86.01316299999998","94","true","56","30","14","true","56","60","5","true"
"57","83.5399908333333","94","true","57","30","14","true","57","60","5","true"
"58","82.29748666666664","94","true","58","30","14","true","58","60","5","true"
"59","79.46536966666665","94","true","59","30","14","true","59","60","5","true"
"60","78.22286549999998","94","true","60","30","14","true","60","60","5","true"
"61","76.98036133333332","94","true","61","30","14","true","61","60","5","true"
"62","75.73785716666666","94","true","62","30","14","true","62","60","5","true"
"63","73.26468499999999","94","true","63","30","14","true","63","60","5","true"
"64","70.43256799999999","94","true","64","30","14","true","64","60","5","true"
"65","69.19006383333333","94","true","65","30","14","true","65","60","5","true"
"66","66.35794683333333","94","true","66","30","14","true","66","60","5","true"
"67","65.11544266666667","94","true","67","30","14","true","67","60","5","true"
"68","61.92438083333333","94","true","68","30","14","true","68","60","5","true"
"69","61.24593283333333","94","true","69","30","14","true","69","60","5","true"
"70","60.00342866666666","94","true","70","30","14","true","70","60","5","true"
"71","58.76092449999999","94","true","71","30","14","true","71","60","5","true"
"72","55.928807499999984","94","true","72","30","14","true","72","60","5","true"
"73","52.73774566666665","94","true","73","30","14","true","73","60","5","true"
"74","52.059297666666644","94","true","74","30","14","true","74","60","5","true"
"75","50.816793499999974","94","true","75","30","14","true","75","60","5","true"
"76","49.574289333333304","94","true","76","30","14","true","76","60","5","true"
"77","48.331785166666634","94","true","77","30","14","true","77","60","5","true"
"78","47.089280999999964","94","true","78","30","14","true","78","60","5","true"
"79","44.6161088333333","94","true","79","30","14","true","79","60","5","true"
"80","41.783991833333296","94","true","80","30","14","true","80","60","5","true"
"81","40.541487666666626","94","true","81","30","14","true","81","60","5","true"
"82","37.70937066666662","94","true","82","30","14","true","82","60","5","true"
"83","34.518308833333286","94","true","83","30","14","true","83","60","5","true"
"84","31.686191833333282","94","true","84","30","14","true","84","60","5","true"
"85","30.443687666666612","94","true","85","30","14","true","85","60","5","true"
"86","31.61124166666661","94","true","86","30","14","true","86","60","5","true"
"87","32.77879566666661","94","true","87","30","14","true","87","60","5","true"
"88","33.946349666666606","94","true","88","30","14","true","88","60","5","true"
"89","35.1139036666666","94","true","89","30","14","true","89","60","5","true"
